              precision    recall  f1-score   support

           0     0.5609    0.6615    0.6071       195
           1     0.3158    0.3692    0.3404       195
           2     0.3415    0.2154    0.2642       195
           3     0.4479    0.3744    0.4078       195
           4     0.3259    0.2651    0.2924       166
           5     0.4389    0.5897    0.5033       195

    accuracy                         0.4163      1141
   macro avg     0.4051    0.4126    0.4025      1141
weighted avg     0.4072    0.4163    0.4053      1141
